=== INFORMAÇÕES DO MODELO ===
Dimensões da malha: NX=5, NY=5, NZ=5
dx: [50.0, 50.0, 50.0, 50.0, 50.0]
dy: [50.0, 50.0, 50.0, 50.0, 50.0]
dz: [50.0, 50.0, 50.0, 50.0, 50.0]
Altura base (h): 10.0 m
Viscosidade de referência (mu_ref): 1.0 cP
Densidade de referência (rho_ref): 800.0 kg/m³
Pressão de referência (p_ref): 300.0 kPa
Coef. viscosidade (c_mu): 0.001 cP/kPa
Compressibilidade do fluido (c_f): 5e-05 1/kPa
Compressibilidade da rocha (c_r): 2e-05 1/kPa

=== RESULTADOS DOS POÇOS ===
 k   i   j tipo       controle    pressao_kPa   vazao_m3_dia
 4   1   4 INJETOR    VAZAO            326.89         600.00
 2   2   3 PRODUTOR   PRESSAO          320.00         125.90
 1   4   0 PRODUTOR   PRESSAO          300.00        -684.10

=== MAPA DE PRESSÃO POR CAMADA ===

-- Camada 0 --
 316.29  317.14  319.04  321.40  322.99
 315.13  316.16  317.96  321.29  324.27
 313.05  314.47  316.60  319.61  321.29
 309.18  311.71  314.71  317.52  318.97
 301.12  309.47  313.10  316.07  317.46

-- Camada 1 --
 316.27  317.12  318.98  321.41  323.07
 315.12  316.15  317.94  321.34  324.47
 313.05  314.46  316.60  319.66  321.32
 309.12  311.74  314.74  317.54  318.96
 300.91  309.40  313.13  316.07  317.46

-- Camada 2 --
 316.26  317.10  318.93  321.40  323.15
 315.12  316.13  317.95  321.41  324.97
 313.06  314.40  316.61  319.78  321.41
 309.11  311.80  314.78  317.51  318.96
 301.88  309.36  313.15  316.05  317.43

-- Camada 3 --
 316.25  317.05  318.92  321.40  323.26
 315.11  316.13  317.96  321.50  325.91
 313.09  314.38  316.62  319.74  321.45
 309.11  311.80  314.76  317.49  318.97
 302.36  309.34  313.19  316.02  317.41

-- Camada 4 --
 316.25  317.01  318.92  321.40  323.31
 315.12  316.12  317.99  321.64  326.89
 313.14  314.36  316.65  319.70  321.46
 309.14  311.79  314.76  317.48  318.98
 302.57  309.33  313.23  316.02  317.38

=== POROSIDADE POR CAMADA ===

-- Camada 0 --
0.2326 0.2562 0.1936 0.2266 0.2839
0.2844 0.1688 0.1811 0.1577 0.2161
0.1545 0.2185 0.2474 0.1918 0.2514
0.2386 0.1536 0.2338 0.1889 0.2123
0.1925 0.2540 0.2161 0.1735 0.2317

-- Camada 1 --
0.2670 0.1960 0.1833 0.2082 0.2905
0.2964 0.2509 0.2854 0.2769 0.2067
0.1638 0.2480 0.2337 0.2042 0.1838
0.2110 0.2203 0.1904 0.1938 0.2187
0.2791 0.2379 0.1925 0.1917 0.2182

-- Camada 2 --
0.1808 0.1802 0.2271 0.1631 0.2225
0.2043 0.2562 0.2620 0.2537 0.2534
0.2060 0.2502 0.2010 0.2359 0.1989
0.2168 0.1592 0.1864 0.2957 0.1846
0.2537 0.2476 0.2586 0.2213 0.2395

-- Camada 3 --
0.1600 0.1609 0.1798 0.1728 0.1650
0.1694 0.2330 0.1782 0.2928 0.2522
0.2312 0.2561 0.1896 0.2890 0.2759
0.2589 0.2220 0.2763 0.2617 0.2490
0.2871 0.2450 0.2049 0.2329 0.1795

-- Camada 4 --
0.1788 0.2589 0.2677 0.2958 0.2776
0.2315 0.1635 0.2233 0.2892 0.2681
0.2228 0.2183 0.1827 0.1766 0.1610
0.2839 0.2460 0.1715 0.2121 0.1574
0.1814 0.2596 0.2477 0.2218 0.1912
